0.072
0.092
0.106
0.112
0.064
0.082
0.11
0.046
0.076
0.044
0.09
0.052
0.032
0.072
0.114
0.086
0.072
0.096
0.168
0.076
0.034
0.138
0.098
0.156
0.066
0.066
0.12
0.06
0.08
0.102
0.068
0.086
0.078
0.174
0.064
0.044
0.08
0.032
0.076
0.056
0.08
0.13
0.084
0.096
0.134
0.032
0.05
0.068
0.042
0.072
0.086
0.078
0.006
0.052
0.112
0.046
0.022
0.068
0.08
0.128
0.03
0.162
0.068
0.044
0.12
0.076
0.036
0.05
0.052
0.118
0.066
0.098
0.148
0.044
0.1
0.064
0.092
0.096
0.072
0.116
0.066
0.104
0.08
0.078
0.158
0.032
0.096
0.082
0.078
0.074
0.06
0.07
0.082
0.062
0.07
0.048
0.064
0.114
0.078
0.092
0.11
0.15
0.034
0.076
0.042
0.072
0.086
0.08
0.066
0.064
0.11
0.102
0.106
0.066
0.066
0.06
0.126
0.038
0.02
0.12
0.098
0.076
0.074
0.034
0.104
0.07
0.05
0.078
0.122
0.02
0.116
0.072
0.13
0.034
0.036
0.04
0.088
0.088
0.08
0.092
0.054
0.042
0.098
0.09
0.11
0.08
0.036
0.048
0.08
0.122
0.082
0.052
0.118
0.076
0.08
0.058
0.11
0.12
0.05
0.078
0.092
0.136
0.042
0.106
0.05
0.076
0.03
0.064
0.078
0.058
0.128
0.1
0.048
0.062
0.03
0.076
0.05
0.076
0.088
0.07
0.046
0.06
0.06
0.084
0.072
0.082
0.074
0.092
0.07
0.062
0.088
0.052
0.058
0.082
0.062
0.056
0.04
0.054
0.106
0.092
0.062
0.072
0.026
0.012
0.058
0.082
0.084
0.13
0.064
0.122
0.206
0.05
0.094
0.1
0.054
0.066
0.088
0.052
0.07
0.06
0.044
0.034
0.034
0.158
0.05
0.052
0.098
0.052
0.092
0.052
0.084
0.118
0.086
0.128
0.12
0.09
0.08
0.064
0.094
0.056
0.06
0.074
0.082
0.084
0.078
0.1
0.042
0.118
0.114
0.066
0.094
0.042
0.096
0.04
0.098
0.066
0.09
0.07
0.042
0.078
0.06
0.072
0.088
0.078
0.078
0.116
0.116
0.11
0.096
0.084
0.056
0.122
0.1
0.052
0.142
0.066
0.064
0.07
0.038
0.042
0.07
0.072
0.084
0.05
0.062
0.116
0.138
0.042
0.076
0.052
0.102
0.13
0.134
0.052
0.026
0.09
0.046
0.09
0.066
0.05
0.05
0.084
0.06
0.06
0.06
0.098
0.064
0.124
0.112
0.11
0.1
0.048
0.102
0.07
0.048
0.146
0.052
0.1
0.082
0.076
0.072
0.08
0.018
0.012
0.09
0.086
0.034
0.046
0.104
0.082
0.076
0.114
0.088
0.086
0.084
0.066
0.152
0.104
0.022
0.062
0.122
0.076
0.062
0.044
0.084
0.084
0.078
0.05
0.044
0.09
0.078
0.09
0.074
0.106
0.056
0.07
0.122
0.058
0.1
0.088
0.074
0.082
0.068
0.068
0.052
0.036
0.084
0.078
0.08
0.01
0.084
0.046
0.106
0.058
0.042
0.042
0.078
0.062
0.032
0.056
0.086
0.088
0.05
0.068
0.042
0.114
0.1
0.074
0.104
0.086
0.056
0.092
0.078
0.074
0.074
0.12
0.092
0.072
0.082
0.074
0.098
0.078
0.062
0.064
0.05
0.094
0.072
0.106
0.056
0.136
0.074
0.076
0.126
0.086
0.104
0.062
0.12
0.122
0.086
0.112
0.094
0.082
0.158
0.142
0.132
0.054
0.054
0.014
0.068
0.032
0.05
0.092
0.028
0.034
0.128
0.034
0.054
0.128
0.092
0.064
0.062
0.088
0.06
0.076
0.096
0.072
0.076
0.088
0.084
0.108
0.078
0.03
0.046
0.044
0.066
0.082
0.086
0.076
0.074
0.058
0.108
0.044
0.108
0.066
0.102
0.068
0.054
0.054
0.12
0.08
0.08
0.042
0.03
0.042
0.038
0.104
0.078
0.05
0.102
0.074
0.072
0.06
0.046
0.152
0.134
0.074
0.082
0.044
0.032
0.034
0.152
0.068
0.042
0.088
0.082
0.06
0.062
0.068
0.086
0.038
